37
赵一 2016011001 90 91 92 93 95
钱二 2016011002 87 86 85 84 83
孙三 2016011003 76 77 78 79 80
李四 2016011004 69 68 67 65 64
周五 2016011005 63 62 61 60 59
吴六 2016011006 54 68 88 95 45
郑七 2016011007 88 74 97 94 75
王八 2016011008 100 90 80 70 60
智障 2016011009 1 1 1 1 1
女朋友 2016011010 95 93 92 67 85
海绵宝宝 2016011011 45 86 85 95 78
漩涡鸣人 2016011012 85 83 80 79 68
宇智波鼬 2016011013 96 95 95 95 94
梁非凡 2016011014 94 93 92 91 90
james 2016011015 88 88 88 88 88
杜兰特不是娘炮 2016011016 77 77 77 77 77
王八蛋 2016011109 88 88 80 5 77
特朗普 2016011110 38 38 38 38 83
敖厂长 2016011111 56 66 56 66 56
拉格朗日 2016011112 100 3 98 59 33
拉普拉斯 2016011113 100 8 88 78 56
助教sama 201320142015 100 100 100 100 100
李狗嗨 2016011114 88 99 77 66 55
李狗蛋 2016011115 77 88 99 55 66
李铁柱 2016011116 66 77 55 88 99
王铁男 2016011117 55 66 88 99 77
赵铁根 2016011130 99 55 66 77 88
一条大腿 2016011118 99.9 99.9 99.9 99.9 99.9
六六六 2016011119 66 66 66 66 66
小兵八嘎 2016011120 46 78.4 38 93 87
金正日 2016011123 60 60 60 60 60
金正恩 2016011124 61 61 61 61 61
金正玩 2016011125 62 62 61 62 61
金正睡 2016011126 63 62 63 63 62
金正码 2016011127 64 63 63 63 64
刘金闹 2016011128 90 90 90 90 90
开哇酷烈 2016011129 90.5 90.6 91 92 93
